6.080844343530972449e-07 1.751886858961714098e-06 1.535482503034868438e-06 1.433139604035795586e-06 1.372436166701217378e-06 1.333921627875818775e-06 1.308559236315691079e-06 1.291438795150101701e-06 1.279353704233741462e-06 1.270151106801558306e-06 1.261741588217717336e-06 1.252082538314800027e-06 1.238888922440630303e-06 1.217732448390885772e-06 1.179626286722194859e-06 1.106518594693213901e-06
1.751886858961714098e-06 6.652395494050632240e-07 1.887748682813910713e-06 1.641107235971013727e-06 1.520320325021698455e-06 1.448425299872000462e-06 1.402666608647268621e-06 1.372596885313280031e-06 1.352154990917883803e-06 1.337518496653167513e-06 1.325560819733735646e-06 1.313577931000250827e-06 1.298855592923425601e-06 1.276684811171277317e-06 1.237892875257773225e-06 1.164302426221683057e-06
1.535482503034868438e-06 1.887748682813910713e-06 6.955073975104218353e-07 1.955659631825965929e-06 1.694289482413321995e-06 1.564775598749344035e-06 1.487245227602994050e-06 1.437826556248520319e-06 1.405119600131123509e-06 1.382571886689735948e-06 1.365467846550757266e-06 1.350120549077655877e-06 1.333187025765305964e-06 1.309549839046370364e-06 1.269767295919218103e-06 1.195478705496861873e-06
1.433139604035795586e-06 1.641107235971013727e-06 1.955659631825965929e-06 7.124944273130992317e-07 1.990772288981713641e-06 1.722385796772918573e-06 1.588310178335019924e-06 1.507812645842146850e-06 1.456205002251345238e-06 1.421681880561817472e-06 1.396849918463260886e-06 1.376469366306651463e-06 1.356233848043223666e-06 1.330408884679191080e-06 1.289148351857199698e-06 1.213819265915821585e-06
1.372436166701217378e-06 1.520320325021698455e-06 1.694289482413321995e-06 1.990772288981713641e-06 7.219483477416622226e-07 2.009492411907226166e-06 1.737122068820876428e-06 1.600511251022217901e-06 1.518099229951057464e-06 1.464853133690060035e-06 1.428153838782281711e-06 1.400106014800069366e-06 1.374859379852017407e-06 1.345720315436080500e-06 1.302222438198525755e-06 1.225320725086598371e-06
1.333921627875818775e-06 1.448425299872000462e-06 1.564775598749344035e-06 1.722385796772918573e-06 2.009492411907226166e-06 7.273382401498459731e-07 2.019109338763369875e-06 1.744657212235186538e-06 1.606324950200439186e-06 1.522393545383721394e-06 1.467036072595273875e-06 1.427147539197403818e-06 1.394224118238406273e-06 1.360026976140655457e-06 1.313121434462016036e-06 1.233825319668555473e-06
1.308559236315691079e-06 1.402666608647268621e-06 1.487245227602994050e-06 1.588310178335019924e-06 1.737122068820876428e-06 2.019109338763369875e-06 7.301370885528102000e-07 2.023798493441905919e-06 1.747684415335567260e-06 1.607853112722350598e-06 1.521812509943443867e-06 1.463246046565570867e-06 1.418428753213953805e-06 1.376457920371561488e-06 1.324335429074737159e-06 1.241379414501456589e-06
1.291438795150101701e-06 1.372596885313280031e-06 1.437826556248520319e-06 1.507812645842146850e-06 1.600511251022217901e-06 1.744657212235186538e-06 2.023798493441905919e-06 7.312759457347019544e-07 2.024887228481615865e-06 1.747351799691915751e-06 1.605395315423787909e-06 1.516100396893498777e-06 1.452513653620069984e-06 1.398493560883534106e-06 1.338348922265232456e-06 1.249787524723288569e-06
1.279353704233741462e-06 1.352154990917883803e-06 1.405119600131123509e-06 1.456205002251345238e-06 1.518099229951057464e-06 1.606324950200439186e-06 1.747684415335567260e-06 2.024887228481615865e-06 7.310868897737469765e-07 2.023021855272148005e-06 1.743334455443604755e-06 1.598013264215428677e-06 1.503537750352293092e-06 1.430496883834262576e-06 1.357913944871056206e-06 1.260732561935280558e-06
1.270151106801558306e-06 1.337518496653167513e-06 1.382571886689735948e-06 1.421681880561817472e-06 1.464853133690060035e-06 1.522393545383721394e-06 1.607853112722350598e-06 1.747351799691915751e-06 2.023021855272148005e-06 7.296541071893252520e-07 2.017525453535913998e-06 1.734201683187896175e-06 1.583459497008175450e-06 1.479138885247954576e-06 1.386937002396453540e-06 1.276397172660785523e-06
1.261741588217717336e-06 1.325560819733735646e-06 1.365467846550757266e-06 1.396849918463260886e-06 1.428153838782281711e-06 1.467036072595273875e-06 1.521812509943443867e-06 1.605395315423787909e-06 1.743334455443604755e-06 2.017525453535913998e-06 7.263291402359331627e-07 2.005597731789182120e-06 1.716559481890270257e-06 1.555394224859743077e-06 1.431010193601860279e-06 1.299452032745149143e-06
1.252082538314800027e-06 1.313577931000250827e-06 1.350120549077655877e-06 1.376469366306651463e-06 1.400106014800069366e-06 1.427147539197403818e-06 1.463246046565570867e-06 1.516100396893498777e-06 1.598013264215428677e-06 1.734201683187896175e-06 2.005597731789182120e-06 7.200039136394476134e-07 1.983234835786096306e-06 1.682826696316657411e-06 1.500198559259106757e-06 1.334301373680606519e-06
1.238888922440630303e-06 1.298855592923425601e-06 1.333187025765305964e-06 1.356233848043223666e-06 1.374859379852017407e-06 1.394224118238406273e-06 1.418428753213953805e-06 1.452513653620069984e-06 1.503537750352293092e-06 1.583459497008175450e-06 1.716559481890270257e-06 1.983234835786096306e-06 7.090047594787221778e-07 1.940793679195090489e-06 1.616742609662490089e-06 1.389274204841336653e-06
1.217732448390885772e-06 1.276684811171277317e-06 1.309549839046370364e-06 1.330408884679191080e-06 1.345720315436080500e-06 1.360026976140655457e-06 1.376457920371561488e-06 1.398493560883534106e-06 1.430496883834262576e-06 1.479138885247954576e-06 1.555394224859743077e-06 1.682826696316657411e-06 1.940793679195090489e-06 6.893048236057532138e-07 1.856450581210246197e-06 1.482416240774627328e-06
1.179626286722194859e-06 1.237892875257773225e-06 1.269767295919218103e-06 1.289148351857199698e-06 1.302222438198525755e-06 1.313121434462016036e-06 1.324335429074737159e-06 1.338348922265232456e-06 1.357913944871056206e-06 1.386937002396453540e-06 1.431010193601860279e-06 1.500198559259106757e-06 1.616742609662490089e-06 1.856450581210246197e-06 6.521841306820526413e-07 1.681766948699098111e-06
1.106518594693213901e-06 1.164302426221683057e-06 1.195478705496861873e-06 1.213819265915821585e-06 1.225320725086598371e-06 1.233825319668555473e-06 1.241379414501456589e-06 1.249787524723288569e-06 1.260732561935280558e-06 1.276397172660785523e-06 1.299452032745149143e-06 1.334301373680606519e-06 1.389274204841336653e-06 1.482416240774627328e-06 1.681766948699098111e-06 5.797693641091774434e-07
