[Format]      =  4.0
[Frequency]   =  10000000
[Precision]   =  9.9999999999999998e-013
[MinAngle]    =  30
[DoSmartMesh] =  0
[Depth]       =  1
[LengthUnits] =  meters
[ProblemType] =  planar
[Coordinates] =  cartesian
[ACSolver]    =  0
[PrevType]    =  0
[PrevSoln]    =  ""
[Comment]     =  "Add comments here."
[PointProps]   = 0
[BdryProps]   = 1
  <BeginBdry>
    <BdryName> = "a0"
    <BdryType> = 0
    <A_0> = 0
    <A_1> = 0
    <A_2> = 0
    <Phi> = 0
    <c0> = 0
    <c0i> = 0
    <c1> = 0
    <c1i> = 0
    <Mu_ssd> = 0
    <Sigma_ssd> = 0
    <innerangle> = 0
    <outerangle> = 0
  <EndBdry>
[BlockProps]  = 3
  <BeginBlock>
    <BlockName> = "air"
    <Mu_x> = 1
    <Mu_y> = 1
    <H_c> = 0
    <H_cAngle> = 0
    <J_re> = 0
    <J_im> = 0
    <Sigma> = 0
    <d_lam> = 0
    <Phi_h> = 0
    <Phi_hx> = 0
    <Phi_hy> = 0
    <LamType> = 0
    <LamFill> = 1
    <NStrands> = 0
    <WireD> = 0
    <BHPoints> = 0
  <EndBlock>
  <BeginBlock>
    <BlockName> = "Ii"
    <Mu_x> = 1
    <Mu_y> = 1
    <H_c> = 0
    <H_cAngle> = 0
    <J_re> = 0.0625
    <J_im> = 0
    <Sigma> = 0
    <d_lam> = 0
    <Phi_h> = 0
    <Phi_hx> = 0
    <Phi_hy> = 0
    <LamType> = 0
    <LamFill> = 1
    <NStrands> = 0
    <WireD> = 0
    <BHPoints> = 0
  <EndBlock>
  <BeginBlock>
    <BlockName> = "Ij"
    <Mu_x> = 1
    <Mu_y> = 1
    <H_c> = 0
    <H_cAngle> = 0
    <J_re> = 0.0625
    <J_im> = 0
    <Sigma> = 0
    <d_lam> = 0
    <Phi_h> = 0
    <Phi_hx> = 0
    <Phi_hy> = 0
    <LamType> = 0
    <LamFill> = 1
    <NStrands> = 0
    <WireD> = 0
    <BHPoints> = 0
  <EndBlock>
[CircuitProps]  = 0
[NumPoints] = 12
0.074999999999999997	0.074999999999999997	0	0
0.17499999999999999	0.074999999999999997	0	0
0.17499999999999999	0.375	0	0
0.074999999999999997	0.375	0	0
0.090999999999999998	0.34300000000000003	0	0
0.095000000000000001	0.34300000000000003	0	0
0.095000000000000001	0.34699999999999998	0	0
0.090999999999999998	0.34699999999999998	0	0
0.090999999999999998	0.30299999999999999	0	0
0.095000000000000001	0.30299999999999999	0	0
0.095000000000000001	0.307	0	0
0.090999999999999998	0.307	0	0
[NumSegments] = 12
0	1	-1	1	0	0
2	3	-1	1	0	0
1	2	-1	1	0	0
3	0	-1	1	0	0
4	5	-1	0	0	0
5	6	-1	0	0	0
6	7	-1	0	0	0
7	4	-1	0	0	0
8	9	-1	0	0	0
9	10	-1	0	0	0
10	11	-1	0	0	0
11	8	-1	0	0	0
[NumArcSegments] = 0
[NumHoles] = 0
[NumBlockLabels] = 3
0.125	0.22500000000000001	1	-1	0	0	0	1	0
0.092999999999999999	0.34499999999999997	2	-1	0	0	0	1	0
0.092999999999999999	0.30499999999999999	3	-1	0	0	0	1	0
[Solution]
91
0.074999999999999997	0.074999999999999997	0	0	-1
0.125	0.074999999999999997	0	0	-1
0.074999999999999997	0.14999999999999997	0	0	-1
0.10320420109281075	0.11463613406187381	5.3448100217770372e-010	0	-1
0.17499999999999999	0.074999999999999997	0	0	-1
0.14830816837298574	0.11362788775134285	4.2921410226085519e-010	0	-1
0.074999999999999997	0.18749999999999997	0	0	-1
0.12043338677245764	0.15645999249446846	2.7756117228467829e-009	0	-1
0.17499999999999999	0.14999999999999999	0	0	-1
0.074999999999999997	0.22499999999999998	0	0	-1
0.1167317515618092	0.19609692250085087	7.9609042939633172e-009	0	-1
0.10359512231242064	0.21582311007968266	1.2365871035578563e-008	0	-1
0.13991543663274569	0.19117653115840816	6.1309820839739477e-009	0	-1
0.17499999999999999	0.1875	0	0	-1
0.074999999999999997	0.26249999999999996	0	0	-1
0.092550433631864812	0.24374999999999997	2.5355974650929713e-008	0	-1
0.13348066609262363	0.21286496849526007	1.388054033927871e-008	0	-1
0.12590108130843827	0.24390445864088964	3.8509801105043545e-008	0	-1
0.15678508758053161	0.20624999999999999	6.0901584164414615e-009	0	-1
0.17499999999999999	0.22500000000000001	0	0	-1
0.074999999999999997	0.28125	0	0	-1
0.091511914343088599	0.26941128793247388	6.8436778131273029e-008	0	-1
0.1101395356540882	0.27107842404910731	9.6065928084274893e-008	0	-1
0.14922698790090894	0.23127440136510344	1.8402406998576471e-008	0	-1
0.14854529172693445	0.25787023889472144	3.4444656449686706e-008	0	-1
0.12837706330492676	0.27522091167398771	8.7723540739844644e-008	0	-1
0.17499999999999999	0.26250000000000001	0	0	-1
0.074999999999999997	0.29999999999999999	0	0	-1
0.087546779836710109	0.286866571502367	1.3546599006541966e-007	0	-1
0.098642893539132373	0.28582952023271391	1.7622504970727947e-007	0	-1
0.11066047675261653	0.29963328120526622	2.2815669497462904e-007	0	-1
0.15313718384626823	0.28488475347715192	4.7932626150657081e-008	0	-1
0.12767490832358852	0.30537631257630332	1.531377022210674e-007	0	-1
0.17499999999999999	0.29999999999999999	0	0	-1
0.074999999999999997	0.30937499999999996	0	0	-1
0.085886706274769645	0.29788670627476965	2.0804468691436347e-007	0	-1
0.084585707497076626	0.30499999999999999	2.4108184620599811e-007	0	-1
0.093000000000000013	0.29658570749707663	2.9540814344849543e-007	0	-1
0.10011329372523034	0.29788670627476965	2.9905551391824466e-007	0	-1
0.10141429250292337	0.30499999999999999	3.4997823064173757e-007	0	-1
0.11041161330110218	0.31032120246169037	2.5198122951129891e-007	0	-1
0.15233303523667879	0.3114517772591272	6.5803462904808871e-008	0	-1
0.12155175517501585	0.31660625854505564	1.8665470352445239e-007	0	-1
0.1308365010537374	0.32497337154737366	1.4165109282545252e-007	0	-1
0.17499999999999999	0.33750000000000002	0	0	-1
0.074999999999999997	0.31874999999999998	0	0	-1
0.085886706274769645	0.31211329372523033	2.440487908133713e-007	0	-1
0.090999999999999998	0.30299999999999999	4.6572211110955016e-007	0	-1
0.090999999999999998	0.307	5.0852976163543305e-007	0	-1
0.095000000000000001	0.30299999999999999	5.2401225539491965e-007	0	-1
0.095000000000000001	0.307	5.0138754925981806e-007	0	-1
0.10011329372523037	0.31211329372523033	3.3246306489223375e-007	0	-1
0.10944371809879992	0.3207293798266761	2.4378237612708482e-007	0	-1
0.15115341501283122	0.3374587359972791	5.9699663654592482e-008	0	-1
0.11918630748830381	0.32949974712988173	1.9244966851050042e-007	0	-1
0.1283840017423527	0.34454500000494498	1.2191331038622421e-007	0	-1
0.17499999999999999	0.375	0	0	-1
0.15668977739571993	0.35641718550484552	2.4174461529089145e-008	0	-1
0.081473718995574262	0.32249861253189044	1.1182113632844012e-007	0	-1
0.074999999999999997	0.328125	0	0	-1
0.093000000000000013	0.31341429250292335	3.3910562430993341e-007	0	-1
0.088244607046273862	0.31931801375920649	2.2820890065687951e-007	0	-1
0.097658279601804759	0.31878704031887517	2.9366238118386455e-007	0	-1
0.11083252739482964	0.33960181369051612	2.3401936982066599e-007	0	-1
0.098642893539132318	0.32582952023271411	2.7733380690467973e-007	0	-1
0.13747146195362103	0.36097025784488052	4.7121584175228859e-008	0	-1
0.11113342849763282	0.35045322016328972	1.9153891475946513e-007	0	-1
0.11874999999999999	0.36234061930043593	8.095556077104883e-008	0	-1
0.14999999999999999	0.375	0	0	-1
0.087546779836710165	0.32686657150236714	2.0543912765041461e-007	0	-1
0.074999999999999997	0.33750000000000002	0	0	-1
0.085886706274769728	0.33788670627476969	2.3030950055494466e-007	0	-1
0.10011329372523027	0.33788670627476969	3.2000097854024742e-007	0	-1
0.10141429250292329	0.34499999999999997	3.2518465788655922e-007	0	-1
0.093000000000000013	0.33658570749707661	3.2350840498222464e-007	0	-1
0.125	0.375	0	0	-1
0.10011329372523034	0.35211329372523031	2.5920662986362659e-007	0	-1
0.09845322016328989	0.36313342849763297	1.21076102170695e-007	0	-1
0.1125	0.375	0	0	-1
0.074999999999999997	0.34687500000000004	0	0	-1
0.084585707497076695	0.34499999999999997	2.3035300298274031e-007	0	-1
0.090999999999999998	0.34300000000000003	4.5921355483522983e-007	0	-1
0.095000000000000001	0.34300000000000003	5.1480436848763972e-007	0	-1
0.095000000000000001	0.34699999999999998	4.6765703545022542e-007	0	-1
0.093000000000000013	0.35341429250292333	2.6538581369891269e-007	0	-1
0.10000000000000001	0.375	0	0	-1
0.087357106460867626	0.36417047976728595	8.2372975799184951e-008	0	-1
0.074999999999999997	0.35625000000000001	0	0	-1
0.085886706274769645	0.35211329372523031	2.0199005415523261e-007	0	-1
0.090999999999999998	0.34699999999999998	4.7993916390466976e-007	0	-1
0.074999999999999997	0.375	0	0	-1
153
1	3	0	0	-1	-1	0
0	3	2	0	-1	-1	0
5	3	1	0	-1	-1	-1
4	5	1	0	-1	-1	0
2	3	7	0	-1	-1	-1
7	3	5	0	-1	-1	-1
6	2	7	0	0	-1	-1
8	5	4	0	-1	-1	0
7	5	8	0	-1	-1	-1
10	6	7	0	-1	-1	-1
11	9	6	0	-1	0	-1
8	12	7	0	-1	-1	-1
6	10	11	0	-1	-1	-1
7	12	10	0	-1	-1	-1
8	13	12	0	0	-1	-1
15	9	11	0	-1	-1	-1
16	11	10	0	-1	-1	-1
10	12	16	0	-1	-1	-1
9	15	14	0	-1	-1	0
17	15	11	0	-1	-1	-1
13	18	12	0	-1	-1	-1
17	11	16	0	-1	-1	-1
16	12	18	0	-1	-1	-1
21	14	15	0	-1	-1	-1
13	19	18	0	0	-1	-1
17	22	15	0	-1	-1	-1
14	21	20	0	-1	-1	0
17	16	23	0	-1	-1	-1
23	16	18	0	-1	-1	-1
21	15	22	0	-1	-1	-1
23	18	19	0	-1	-1	-1
17	23	24	0	-1	-1	-1
17	25	22	0	-1	-1	-1
25	17	24	0	-1	-1	-1
23	19	26	0	-1	0	-1
21	28	20	0	-1	-1	-1
22	29	21	0	-1	-1	-1
23	26	24	0	-1	-1	-1
28	27	20	0	-1	0	-1
22	25	30	0	-1	-1	-1
21	29	28	0	-1	-1	-1
24	31	25	0	-1	-1	-1
22	30	29	0	-1	-1	-1
31	24	26	0	-1	-1	-1
32	30	25	0	-1	-1	-1
25	31	32	0	-1	-1	-1
27	28	35	0	-1	-1	-1
26	33	31	0	0	-1	-1
29	37	28	0	-1	-1	-1
29	30	38	0	-1	-1	-1
34	27	36	0	0	-1	-1
36	27	35	0	-1	-1	-1
28	37	35	0	-1	-1	-1
40	30	32	0	-1	-1	-1
41	32	31	0	-1	-1	-1
37	29	38	0	-1	-1	-1
31	33	41	0	-1	-1	-1
30	39	38	0	-1	-1	-1
30	40	39	0	-1	-1	-1
40	32	42	0	-1	-1	-1
43	32	41	0	-1	-1	-1
46	34	36	0	-1	-1	-1
32	43	42	0	-1	-1	-1
44	41	33	0	-1	-1	0
36	35	47	0	-1	-1	-1
35	37	47	0	-1	-1	-1
49	37	38	0	-1	-1	-1
34	46	45	0	-1	-1	0
39	49	38	0	-1	-1	-1
36	48	46	0	-1	-1	-1
40	51	39	0	-1	-1	-1
36	47	48	0	-1	-1	-1
49	47	37	0	-1	-1	-1
42	52	40	0	-1	-1	-1
41	53	43	0	-1	-1	-1
50	49	39	0	-1	-1	-1
53	41	44	0	-1	-1	-1
43	54	42	0	-1	-1	-1
51	50	39	0	-1	-1	-1
51	40	52	0	-1	-1	-1
48	47	49	2	-1	-1	-1
49	50	48	2	-1	-1	-1
54	52	42	0	-1	-1	-1
46	58	45	0	-1	-1	-1
43	53	55	0	-1	-1	-1
55	54	43	0	-1	-1	-1
46	48	60	0	-1	-1	-1
44	57	53	0	-1	-1	-1
56	57	44	0	-1	-1	0
48	50	60	0	-1	-1	-1
50	51	60	0	-1	-1	-1
45	58	59	0	-1	-1	0
52	62	51	0	-1	-1	-1
58	46	61	0	-1	-1	-1
46	60	61	0	-1	-1	-1
52	54	63	0	-1	-1	-1
55	63	54	0	-1	-1	-1
65	55	53	0	-1	-1	-1
60	51	62	0	-1	-1	-1
53	57	65	0	-1	-1	-1
64	62	52	0	-1	-1	-1
52	63	64	0	-1	-1	-1
56	68	57	0	0	-1	-1
62	61	60	0	-1	-1	-1
66	63	55	0	-1	-1	-1
59	58	69	0	-1	-1	-1
67	55	65	0	-1	-1	-1
64	61	62	0	-1	-1	-1
61	69	58	0	-1	-1	-1
66	55	67	0	-1	-1	-1
57	68	65	0	-1	-1	-1
61	64	69	0	-1	-1	-1
71	59	69	0	-1	-1	-1
64	63	72	0	-1	-1	-1
59	71	70	0	-1	-1	0
73	63	66	0	-1	-1	-1
69	64	74	0	-1	-1	-1
75	67	65	0	-1	-1	-1
63	73	72	0	-1	-1	-1
68	75	65	0	0	-1	-1
74	64	72	0	-1	-1	-1
67	77	66	0	-1	-1	-1
71	69	74	0	-1	-1	-1
73	66	76	0	-1	-1	-1
66	77	76	0	-1	-1	-1
75	78	67	0	0	-1	-1
80	70	71	0	-1	-1	-1
77	67	78	0	-1	-1	-1
81	71	74	0	-1	-1	-1
73	82	72	0	-1	-1	-1
82	74	72	0	-1	-1	-1
79	70	80	0	0	-1	-1
76	83	73	0	-1	-1	-1
81	80	71	0	-1	-1	-1
77	84	76	0	-1	-1	-1
82	81	74	0	-1	-1	-1
73	83	82	0	-1	-1	-1
77	78	85	0	-1	0	-1
76	84	83	0	-1	-1	-1
88	79	80	0	-1	-1	-1
84	77	86	0	-1	-1	-1
85	86	77	0	-1	-1	-1
80	81	89	0	-1	-1	-1
89	81	82	1	-1	-1	-1
79	88	87	0	-1	-1	0
82	83	89	1	-1	-1	-1
84	89	83	0	-1	-1	-1
80	89	88	0	-1	-1	-1
88	84	86	0	-1	-1	-1
87	88	86	0	-1	-1	-1
85	90	86	0	0	-1	-1
84	88	89	0	-1	-1	-1
86	90	87	0	-1	0	-1
3
1	0	0
1	0	0
1	0	0
0
0
